1000001111111
1000011010000
1000100001000
1000101010100
1000110101011
1000111000010
1001001111001
1000110011011
1001110100001
1000011111011
1010001001101
0000000001110
1010010111111
0000101101011
1010001101110
0001011110100
1001100110100
0001111000100
1001000001011
0010010011110
1000001100101
0010010010110
0000010001111
0001111011010
0000100110101
0001011110100
0000101100001
0000110111011
0000100100111
0000011100010
0000000110000
0000001110001
1000010001001
1000000000011
1000101100001
0000000111000
1000111111100
0000010011001
1001010001101
0000101010110
1001010100101
0001000001100
1001010000011
0001011111011
1000111101010
0010000000101
1000011110101
0010010101011
0000001101010
0010011101100
0000101110010
0010010111000
0001011010100
0001111000000
0001101000111
0001010001111
0001100111011
0000101001010
0001011001001
0000000110001
0000111111011
1000001010010
0000100000100
1000001101001
0000010001001
0000000010101
0000001111111
0000010011000
0000011011101
0000011011100
0000110010110
0000011011110
0001000011001
0000001001101
0001001000101
1000011000000
0000111001011
1000111010111
0000010110011
1001011010100
1000010111000
1001100010100
1000111101000
1001010011011
1001011001110
1000110001010
1001101000111
1000010100010
1001100000111
0000001111010
1001001100101
0000100001011
1000111010010
0000101011111
1000110011000
0000100100110
1000110000000
0000011110010
1000110110010
0000011111011
1000111100100
0000101001110
1001000110100
0000111101000
1000110111111
0001010101110
1000100001110
0001100111111
0000000010100
0001100110100
0000011111001
0001011100001
0000110010100
0001000000010
0000111111000
0000100100000
0000111011000
0000000010000
0000100011000
1000010000001
0000001111111
1000010101000
0000000101010
1000011001000
1000000101000
1000010011010
1000001000000
1000010111000
