0000100000000
0000010000000
0000010000000
0000100000000
0000010000000
0000100000000
0000100000000
0000100000000
1000100000000
1000100000000
0000000000000
0000000000000
0000100000000
1000010000000
0000100000000
1000100000000
1000010000000
1000100000000
1000100000000
0000010000000
0000100000000
0000000000000
1000010000000
0000100000000
0000000000000
0000000000000
0000010000000
0000000000000
0000000000000
1000100000000
0000010000000
0000010000000
0000100000000
0000000000000
1000100000000
0000010000000
0000100000000
0000010000000
1000010000000
0000010000000
0000100000000
1000010000000
1000010000000
0000000000000
0000000000000
1000100000000
0000100000000
0000010000000
1000100000000
1000010000000
0000100000000
0000010000000
1000100000000
1000010000000
0000010000000
0000000000000
0000010000000
0000000000000
0000000000000
0000100000000
1000010000000
0000100000000
1000100000000
1000100000000
0000010000000
1000100000000
0000100000000
0000100000000
0000100000000
1000010000000
1000010000000
0000100000000
0000010000000
0000100000000
1000100000000
0000010000000
0000000000000
1000010000000
1000100000000
0000010000000
1000010000000
1000010000000
1000100000000
1000100000000
0000000000000
0000010000000
0000000000000
0000010000000
1000100000000
0000010000000
0000010000000
0000010000000
0000100000000
1000010000000
0000010000000
0000000000000
1000100000000
0000100000000
0000100000000
0000010000000
0000100000000
0000010000000
1000010000000
1000100000000
1000100000000
0000000000000
1000010000000
0000000000000
0000100000000
1000010000000
1000100000000
0000010000000
1000100000000
1000100000000
0000100000000
0000100000000
0000000000000
0000000000000
0000010000000
1000010000000
1000100000000
1000100000000
0000100000000
0000000000000
1000100000000
1000010000000
1000010000000
0000010000000
1000100000000
0000100000000
0000000000000
1000100000000
0000010000000
1000010000000
1000010000000
0000100000000
0000000000000
1000010000000
1000010000000
0000000000000
1000100000000
1000100000000
0000000000000
1000100000000
0000100000000
0000100000000
0000010000000
0000010000000
1000010000000
0000100000000
1000100000000
1000010000000
1000100000000
0000010000000
0000000000000
0000100000000
1000100000000
1000010000000
0000010000000
0000000000000
1000100000000
1000010000000
1000010000000
1000010000000
1000100000000
0000010000000
0000100000000
0000000000000
0000010000000
0000000000000
1000010000000
0000100000000
1000010000000
1000100000000
0000100000000
1000010000000
0000010000000
0000100000000
0000100000000
0000000000000
0000000000000
0000100000000
0000010000000
0000000000000
0000000000000
1000010000000
1000010000000
0000000000000
0000010000000
1000010000000
0000010000000
1000100000000
1000010000000
0000010000000
0000100000000
0000100000000
1000010000000
0000100000000
1000010000000
0000100000000
1000010000000
0000000000000
1000100000000
0000010000000
0000000000000
0000010000000
1000010000000
0000000000000
0000000000000
0000100000000
0000100000000
0000100000000
1000100000000
0000100000000
0000100000000
0000010000000
1000100000000
1000010000000
0000010000000
1000010000000
0000010000000
0000100000000
0000010000000
1000100000000
0000100000000
0000000000000
1000100000000
0000100000000
0000100000000
0000100000000
0000000000000
0000100000000
1000100000000
0000000000000
0000010000000
1000010000000
1000010000000
1000010000000
